 1 - depth, normalized
 2 - temperature, normalized
 3 - salinity, kg/kg
 4 - water density, kg/m**3
 5 - turbulent kinetic energy, normalized
 6 - dissipation rate, normalized
 7 - eddy viscosity for TKE, m**2/s
 8  - mass flux, m/s
 9  - downdraft temperature, C
 10 - downdraft salinity, kg/kg
 11 - downdraft density, kg/m**3
 12 - x-component of speed, m/s
 13 - y-component of speed, m/s
 14 - modulus of speed, m/s
 15 - oxygen, mg/l
 16 - co2, mcmol/l
 17 - ch4, mcmol/l
 18 - eddy viscosity from k-epsilon model, m**2/s
 19 - eddy viscosity from Ziriv model, m**2/s
 20 - dissipation rate from Ziriv model, m**2/s**3
 21 - longitudinal speed from Ziriv model, m/s
     -0.000000         NaN 0.000E+00       NaN 0.442E-11 0.100E-11 0.000E+00   0.0000000E+00   0.0000000E+00   0.0000000E+00   0.0000000E+00        NaN        NaN        NaN   0.3200000E-18             NaN   0.1000000E-16 0.100E-09-0.999E+03-0.999E+03 -999.00000
     -0.087576         NaN 0.000E+00       NaN 0.442E-11 0.100E-11 0.131E-05   0.0000000E+00   0.0000000E+00   0.0000000E+00   0.0000000E+00        NaN        NaN        NaN   0.0000000E+00             NaN   0.1000000E-16 0.100E-09-0.999E+03-0.999E+03 -999.00000
     -0.175153         NaN 0.000E+00       NaN 0.442E-11 0.100E-11 0.131E-05   0.0000000E+00   0.0000000E+00   0.0000000E+00   0.0000000E+00        NaN        NaN        NaN   0.0000000E+00             NaN   0.1000000E-16 0.100E-09-0.999E+03-0.999E+03 -999.00000
     -0.262730         NaN 0.000E+00       NaN 0.442E-11 0.100E-11 0.131E-05   0.0000000E+00   0.0000000E+00   0.0000000E+00   0.0000000E+00        NaN        NaN        NaN   0.0000000E+00             NaN   0.1000000E-16 0.100E-09-0.999E+03-0.999E+03 -999.00000
     -0.350308         NaN 0.000E+00       NaN 0.442E-11 0.100E-11 0.131E-05   0.0000000E+00   0.0000000E+00   0.0000000E+00   0.0000000E+00        NaN        NaN        NaN   0.0000000E+00             NaN   0.1000000E-16 0.100E-09-0.999E+03-0.999E+03 -999.00000
     -0.437885         NaN 0.000E+00       NaN 0.442E-11 0.100E-11 0.131E-05   0.0000000E+00   0.0000000E+00   0.0000000E+00   0.0000000E+00        NaN        NaN        NaN   0.0000000E+00             NaN   0.1000000E-16 0.100E-09-0.999E+03-0.999E+03 -999.00000
     -0.525464         NaN 0.000E+00       NaN 0.442E-11 0.100E-11 0.131E-05   0.0000000E+00   0.0000000E+00   0.0000000E+00   0.0000000E+00        NaN        NaN        NaN   0.0000000E+00             NaN   0.1000000E-16 0.100E-09-0.999E+03-0.999E+03 -999.00000
     -0.613042         NaN 0.000E+00       NaN 0.442E-11 0.100E-11 0.131E-05   0.0000000E+00   0.0000000E+00   0.0000000E+00   0.0000000E+00        NaN        NaN        NaN   0.0000000E+00             NaN   0.1000000E-16 0.100E-09-0.999E+03-0.999E+03 -999.00000
     -0.700621         NaN 0.000E+00       NaN 0.442E-11 0.100E-11 0.131E-05   0.0000000E+00   0.0000000E+00   0.0000000E+00   0.0000000E+00        NaN        NaN        NaN   0.0000000E+00             NaN   0.1000000E-16 0.100E-09-0.999E+03-0.999E+03 -999.00000
     -0.788201         NaN 0.000E+00       NaN 0.442E-11 0.100E-11 0.131E-05   0.0000000E+00   0.0000000E+00   0.0000000E+00   0.0000000E+00        NaN        NaN        NaN   0.0000000E+00             NaN   0.1000000E-16 0.100E-09-0.999E+03-0.999E+03 -999.00000
     -0.875780         NaN 0.000E+00       NaN 0.442E-11 0.100E-11 0.131E-05   0.0000000E+00   0.0000000E+00   0.0000000E+00   0.0000000E+00        NaN        NaN        NaN   0.0000000E+00             NaN   0.1000000E-16 0.100E-09-0.999E+03-0.999E+03 -999.00000
     -0.963360         NaN 0.000E+00       NaN 0.442E-11 0.100E-11 0.131E-05   0.0000000E+00   0.0000000E+00   0.0000000E+00   0.0000000E+00        NaN        NaN        NaN   0.0000000E+00             NaN   0.1000000E-16 0.100E-09-0.999E+03-0.999E+03 -999.00000
     -1.050941         NaN 0.000E+00       NaN 0.442E-11 0.100E-11 0.131E-05   0.0000000E+00   0.0000000E+00   0.0000000E+00   0.0000000E+00        NaN        NaN        NaN   0.0000000E+00             NaN   0.1000000E-16 0.100E-09-0.999E+03-0.999E+03 -999.00000
     -1.138522         NaN 0.000E+00       NaN 0.442E-11 0.100E-11 0.131E-05   0.0000000E+00   0.0000000E+00   0.0000000E+00   0.0000000E+00        NaN        NaN        NaN   0.0000000E+00             NaN   0.1000000E-16 0.100E-09-0.999E+03-0.999E+03 -999.00000
     -1.226102         NaN 0.000E+00       NaN 0.442E-11 0.100E-11 0.131E-05   0.0000000E+00   0.0000000E+00   0.0000000E+00   0.0000000E+00        NaN        NaN        NaN   0.0000000E+00             NaN   0.1000000E-16 0.100E-09-0.999E+03-0.999E+03 -999.00000
     -1.313684         NaN 0.000E+00       NaN 0.442E-11 0.100E-11 0.131E-05   0.0000000E+00   0.0000000E+00   0.0000000E+00   0.0000000E+00        NaN        NaN        NaN   0.0000000E+00             NaN   0.1000000E-16 0.100E-09-0.999E+03-0.999E+03 -999.00000
     -1.401265         NaN 0.000E+00       NaN 0.442E-11 0.100E-11 0.131E-05   0.0000000E+00   0.0000000E+00   0.0000000E+00   0.0000000E+00        NaN        NaN        NaN   0.0000000E+00             NaN   0.1000000E-16 0.100E-09-0.999E+03-0.999E+03 -999.00000
     -1.488847         NaN 0.000E+00       NaN 0.442E-11 0.100E-11 0.131E-05   0.0000000E+00   0.0000000E+00   0.0000000E+00   0.0000000E+00        NaN        NaN        NaN   0.0000000E+00             NaN   0.1000000E-16 0.100E-09-0.999E+03-0.999E+03 -999.00000
     -1.576429         NaN 0.000E+00       NaN 0.442E-11 0.100E-11 0.131E-05   0.0000000E+00   0.0000000E+00   0.0000000E+00   0.0000000E+00        NaN        NaN        NaN   0.0000000E+00             NaN   0.1000000E-16 0.100E-09-0.999E+03-0.999E+03 -999.00000
     -1.664011         NaN 0.000E+00       NaN 0.442E-11 0.100E-11 0.131E-05   0.0000000E+00   0.0000000E+00   0.0000000E+00   0.0000000E+00        NaN        NaN        NaN   0.0000000E+00             NaN   0.1000000E-16 0.100E-09-0.999E+03-0.999E+03 -999.00000
     -1.751594         NaN 0.000E+00       NaN 0.442E-11 0.100E-11 0.131E-05   0.0000000E+00   0.0000000E+00   0.0000000E+00   0.0000000E+00        NaN        NaN        NaN   0.0000000E+00             NaN   0.1000000E-16 0.100E-09-0.999E+03-0.999E+03 -999.00000
     -1.839176         NaN 0.000E+00       NaN 0.442E-11 0.100E-11 0.131E-05   0.0000000E+00   0.0000000E+00   0.0000000E+00   0.0000000E+00        NaN        NaN        NaN   0.0000000E+00             NaN   0.1000000E-16 0.100E-09-0.999E+03-0.999E+03 -999.00000
     -1.926759         NaN 0.000E+00       NaN 0.442E-11 0.100E-11 0.131E-05   0.0000000E+00   0.0000000E+00   0.0000000E+00   0.0000000E+00        NaN        NaN        NaN   0.0000000E+00             NaN   0.1000000E-16 0.100E-09-0.999E+03-0.999E+03 -999.00000
     -2.014343         NaN 0.000E+00       NaN 0.442E-11 0.100E-11 0.131E-05   0.0000000E+00   0.0000000E+00   0.0000000E+00   0.0000000E+00        NaN        NaN        NaN   0.0000000E+00             NaN   0.1000000E-16 0.100E-09-0.999E+03-0.999E+03 -999.00000
     -2.101926         NaN 0.000E+00       NaN 0.442E-11 0.100E-11 0.131E-05   0.0000000E+00   0.0000000E+00   0.0000000E+00   0.0000000E+00        NaN        NaN        NaN   0.0000000E+00             NaN   0.1000000E-16 0.100E-09-0.999E+03-0.999E+03 -999.00000
     -2.189509         NaN 0.000E+00       NaN 0.442E-11 0.100E-11 0.131E-05   0.0000000E+00   0.0000000E+00   0.0000000E+00   0.0000000E+00        NaN        NaN        NaN   0.0000000E+00             NaN   0.1000000E-16 0.100E-09-0.999E+03-0.999E+03 -999.00000
     -2.277093         NaN 0.000E+00       NaN 0.442E-11 0.100E-11 0.131E-05   0.0000000E+00   0.0000000E+00   0.0000000E+00   0.0000000E+00        NaN        NaN        NaN   0.0000000E+00             NaN   0.1000000E-16 0.100E-09-0.999E+03-0.999E+03 -999.00000
     -2.364677         NaN 0.000E+00       NaN 0.442E-11 0.100E-11 0.131E-05   0.0000000E+00   0.0000000E+00   0.0000000E+00   0.0000000E+00        NaN        NaN        NaN   0.0000000E+00             NaN   0.1000000E-16 0.100E-09-0.999E+03-0.999E+03 -999.00000
     -2.452261         NaN 0.000E+00       NaN 0.442E-11 0.100E-11 0.131E-05   0.0000000E+00   0.0000000E+00   0.0000000E+00   0.0000000E+00        NaN        NaN        NaN   0.0000000E+00             NaN   0.1000000E-16 0.100E-09-0.999E+03-0.999E+03 -999.00000
     -2.539845         NaN 0.000E+00       NaN 0.442E-11 0.100E-11 0.131E-05   0.0000000E+00   0.0000000E+00   0.0000000E+00   0.0000000E+00        NaN        NaN        NaN   0.0000000E+00             NaN   0.1000000E-16 0.100E-09-0.999E+03-0.999E+03 -999.00000
     -2.627429         NaN 0.000E+00       NaN 0.442E-11 0.100E-11 0.131E-05   0.0000000E+00   0.0000000E+00   0.0000000E+00   0.0000000E+00        NaN        NaN        NaN   0.0000000E+00             NaN   0.1000000E-16 0.100E-09-0.999E+03-0.999E+03 -999.00000
     -2.715013         NaN 0.000E+00       NaN 0.442E-11 0.100E-11 0.131E-05   0.0000000E+00   0.0000000E+00   0.0000000E+00   0.0000000E+00        NaN        NaN        NaN   0.0000000E+00             NaN   0.1000000E-16 0.100E-09-0.999E+03-0.999E+03 -999.00000
     -2.802598         NaN 0.000E+00       NaN 0.442E-11 0.100E-11 0.131E-05   0.0000000E+00   0.0000000E+00   0.0000000E+00   0.0000000E+00        NaN        NaN        NaN   0.0000000E+00             NaN   0.1000000E-16 0.100E-09-0.999E+03-0.999E+03 -999.00000
     -2.890182         NaN 0.000E+00       NaN 0.442E-11 0.100E-11 0.131E-05   0.0000000E+00   0.0000000E+00   0.0000000E+00   0.0000000E+00        NaN        NaN        NaN   0.0000000E+00             NaN   0.1000000E-16 0.100E-09-0.999E+03-0.999E+03 -999.00000
     -2.977767         NaN 0.000E+00       NaN 0.442E-11 0.100E-11 0.131E-05   0.0000000E+00   0.0000000E+00   0.0000000E+00   0.0000000E+00        NaN        NaN        NaN   0.0000000E+00             NaN   0.1000000E-16 0.100E-09-0.999E+03-0.999E+03 -999.00000
     -3.065351         NaN 0.000E+00       NaN 0.442E-11 0.100E-11 0.131E-05   0.0000000E+00   0.0000000E+00   0.0000000E+00   0.0000000E+00        NaN        NaN        NaN   0.0000000E+00             NaN   0.1000000E-16 0.100E-09-0.999E+03-0.999E+03 -999.00000
     -3.152936         NaN 0.000E+00       NaN 0.442E-11 0.100E-11 0.131E-05   0.0000000E+00   0.0000000E+00   0.0000000E+00   0.0000000E+00        NaN        NaN        NaN   0.0000000E+00             NaN   0.1000000E-16 0.100E-09-0.999E+03-0.999E+03 -999.00000
     -3.240521         NaN 0.000E+00       NaN 0.442E-11 0.100E-11 0.131E-05   0.0000000E+00   0.0000000E+00   0.0000000E+00   0.0000000E+00        NaN        NaN        NaN   0.0000000E+00             NaN   0.1000000E-16 0.100E-09-0.999E+03-0.999E+03 -999.00000
     -3.328106         NaN 0.000E+00       NaN 0.442E-11 0.100E-11 0.131E-05   0.0000000E+00   0.0000000E+00   0.0000000E+00   0.0000000E+00        NaN        NaN        NaN   0.0000000E+00             NaN   0.1000000E-16 0.100E-09-0.999E+03-0.999E+03 -999.00000
     -3.415690         NaN 0.000E+00       NaN 0.442E-11 0.100E-11 0.131E-05   0.0000000E+00   0.0000000E+00   0.0000000E+00   0.0000000E+00        NaN        NaN        NaN   0.0000000E+00             NaN   0.1000000E-16 0.100E-09-0.999E+03-0.999E+03 -999.00000
     -3.503275         NaN 0.000E+00       NaN 0.442E-11 0.100E-11 0.131E-05   0.0000000E+00   0.0000000E+00   0.0000000E+00   0.0000000E+00        NaN        NaN        NaN   0.0000000E+00             NaN   0.1000000E-16 0.100E-09-0.999E+03-0.999E+03 -999.00000
     -3.590860         NaN 0.000E+00       NaN 0.442E-11 0.100E-11 0.131E-05   0.0000000E+00   0.0000000E+00   0.0000000E+00   0.0000000E+00        NaN        NaN        NaN   0.0000000E+00             NaN   0.1000000E-16 0.100E-09-0.999E+03-0.999E+03 -999.00000
     -3.678445         NaN 0.000E+00       NaN 0.442E-11 0.100E-11 0.131E-05   0.0000000E+00   0.0000000E+00   0.0000000E+00   0.0000000E+00        NaN        NaN        NaN   0.0000000E+00             NaN   0.1000000E-16 0.100E-09-0.999E+03-0.999E+03 -999.00000
     -3.766029         NaN 0.000E+00       NaN 0.442E-11 0.100E-11 0.131E-05   0.0000000E+00   0.0000000E+00   0.0000000E+00   0.0000000E+00        NaN        NaN        NaN   0.0000000E+00             NaN   0.1000000E-16 0.100E-09-0.999E+03-0.999E+03 -999.00000
     -3.853614         NaN 0.000E+00       NaN 0.442E-11 0.100E-11 0.131E-05   0.0000000E+00   0.0000000E+00   0.0000000E+00   0.0000000E+00        NaN        NaN        NaN   0.0000000E+00             NaN   0.1000000E-16 0.100E-09-0.999E+03-0.999E+03 -999.00000
     -3.941199         NaN 0.000E+00       NaN 0.442E-11 0.100E-11 0.131E-05   0.0000000E+00   0.0000000E+00   0.0000000E+00   0.0000000E+00        NaN        NaN        NaN   0.0000000E+00             NaN   0.1000000E-16 0.100E-09-0.999E+03-0.999E+03 -999.00000
     -4.028783         NaN 0.000E+00       NaN 0.442E-11 0.100E-11 0.131E-05   0.0000000E+00   0.0000000E+00   0.0000000E+00   0.0000000E+00        NaN        NaN        NaN   0.0000000E+00             NaN   0.1000000E-16 0.100E-09-0.999E+03-0.999E+03 -999.00000
     -4.116368         NaN 0.000E+00       NaN 0.442E-11 0.100E-11 0.131E-05   0.0000000E+00   0.0000000E+00   0.0000000E+00   0.0000000E+00        NaN        NaN        NaN   0.0000000E+00             NaN   0.1000000E-16 0.100E-09-0.999E+03-0.999E+03 -999.00000
     -4.203953         NaN 0.000E+00       NaN 0.442E-11 0.100E-11 0.131E-05   0.0000000E+00   0.0000000E+00   0.0000000E+00   0.0000000E+00        NaN        NaN        NaN   0.0000000E+00             NaN   0.1000000E-16 0.100E-09-0.999E+03-0.999E+03 -999.00000
     -4.291537         NaN 0.000E+00       NaN 0.442E-11 0.100E-11 0.131E-05   0.0000000E+00   0.0000000E+00   0.0000000E+00   0.0000000E+00        NaN        NaN        NaN   0.0000000E+00             NaN   0.1000000E-16 0.100E-09-0.999E+03-0.999E+03 -999.00000
     -4.379121         NaN 0.000E+00       NaN 0.442E-11 0.100E-11 0.131E-05   0.0000000E+00   0.0000000E+00   0.0000000E+00   0.0000000E+00        NaN        NaN        NaN   0.0000000E+00             NaN   0.1000000E-16 0.100E-09-0.999E+03-0.999E+03 -999.00000
     -4.466705         NaN 0.000E+00       NaN 0.442E-11 0.100E-11 0.131E-05   0.0000000E+00   0.0000000E+00   0.0000000E+00   0.0000000E+00        NaN        NaN        NaN   0.0000000E+00             NaN   0.1000000E-16 0.100E-09-0.999E+03-0.999E+03 -999.00000
     -4.554290         NaN 0.000E+00       NaN 0.442E-11 0.100E-11 0.131E-05   0.0000000E+00   0.0000000E+00   0.0000000E+00   0.0000000E+00        NaN        NaN        NaN   0.0000000E+00             NaN   0.1000000E-16 0.100E-09-0.999E+03-0.999E+03 -999.00000
     -4.641873         NaN 0.000E+00       NaN 0.442E-11 0.100E-11 0.131E-05   0.0000000E+00   0.0000000E+00   0.0000000E+00   0.0000000E+00        NaN        NaN        NaN   0.0000000E+00             NaN   0.1000000E-16 0.100E-09-0.999E+03-0.999E+03 -999.00000
     -4.729457         NaN 0.000E+00       NaN 0.442E-11 0.100E-11 0.131E-05   0.0000000E+00   0.0000000E+00   0.0000000E+00   0.0000000E+00        NaN        NaN        NaN   0.0000000E+00             NaN   0.1000000E-16 0.100E-09-0.999E+03-0.999E+03 -999.00000
     -4.817041         NaN 0.000E+00       NaN 0.442E-11 0.100E-11 0.131E-05   0.0000000E+00   0.0000000E+00   0.0000000E+00   0.0000000E+00        NaN        NaN        NaN   0.0000000E+00             NaN   0.1000000E-16 0.100E-09-0.999E+03-0.999E+03 -999.00000
     -4.904624         NaN 0.000E+00       NaN 0.442E-11 0.100E-11 0.131E-05   0.0000000E+00   0.0000000E+00   0.0000000E+00   0.0000000E+00        NaN        NaN        NaN   0.0000000E+00             NaN   0.1000000E-16 0.100E-09-0.999E+03-0.999E+03 -999.00000
     -4.992208         NaN 0.000E+00       NaN 0.442E-11 0.100E-11 0.131E-05   0.0000000E+00   0.0000000E+00   0.0000000E+00   0.0000000E+00        NaN        NaN        NaN   0.0000000E+00             NaN   0.1000000E-16 0.100E-09-0.999E+03-0.999E+03 -999.00000
     -5.079791         NaN 0.000E+00       NaN 0.442E-11 0.100E-11 0.131E-05   0.0000000E+00   0.0000000E+00   0.0000000E+00   0.0000000E+00        NaN        NaN        NaN   0.0000000E+00             NaN   0.1000000E-16 0.100E-09-0.999E+03-0.999E+03 -999.00000
     -5.167374         NaN 0.000E+00       NaN 0.442E-11 0.100E-11 0.131E-05   0.0000000E+00   0.0000000E+00   0.0000000E+00   0.0000000E+00        NaN        NaN        NaN   0.0000000E+00             NaN   0.1000000E-16 0.100E-09-0.999E+03-0.999E+03 -999.00000
     -5.254956         NaN 0.000E+00       NaN 0.442E-11 0.100E-11 0.131E-05   0.0000000E+00   0.0000000E+00   0.0000000E+00   0.0000000E+00        NaN        NaN        NaN   0.0000000E+00             NaN   0.1000000E-16 0.100E-09-0.999E+03-0.999E+03 -999.00000
     -5.342539         NaN 0.000E+00       NaN 0.442E-11 0.100E-11 0.131E-05   0.0000000E+00   0.0000000E+00   0.0000000E+00   0.0000000E+00        NaN        NaN        NaN   0.0000000E+00             NaN   0.1000000E-16 0.100E-09-0.999E+03-0.999E+03 -999.00000
     -5.430121         NaN 0.000E+00       NaN 0.442E-11 0.100E-11 0.131E-05   0.0000000E+00   0.0000000E+00   0.0000000E+00   0.0000000E+00        NaN        NaN        NaN   0.0000000E+00             NaN   0.1000000E-16 0.100E-09-0.999E+03-0.999E+03 -999.00000
     -5.517703         NaN 0.000E+00       NaN 0.442E-11 0.100E-11 0.131E-05   0.0000000E+00   0.0000000E+00   0.0000000E+00   0.0000000E+00        NaN        NaN        NaN   0.0000000E+00             NaN   0.1000000E-16 0.100E-09-0.999E+03-0.999E+03 -999.00000
     -5.605285         NaN 0.000E+00       NaN 0.442E-11 0.100E-11 0.131E-05   0.0000000E+00   0.0000000E+00   0.0000000E+00   0.0000000E+00        NaN        NaN        NaN   0.0000000E+00             NaN   0.1000000E-16 0.100E-09-0.999E+03-0.999E+03 -999.00000
     -5.692867         NaN 0.000E+00       NaN 0.442E-11 0.100E-11 0.131E-05   0.0000000E+00   0.0000000E+00   0.0000000E+00   0.0000000E+00        NaN        NaN        NaN   0.0000000E+00             NaN   0.1000000E-16 0.100E-09-0.999E+03-0.999E+03 -999.00000
     -5.780448         NaN 0.000E+00       NaN 0.442E-11 0.100E-11 0.131E-05   0.0000000E+00   0.0000000E+00   0.0000000E+00   0.0000000E+00        NaN        NaN        NaN   0.0000000E+00             NaN   0.1000000E-16 0.100E-09-0.999E+03-0.999E+03 -999.00000
     -5.868029         NaN 0.000E+00       NaN 0.442E-11 0.100E-11 0.131E-05   0.0000000E+00   0.0000000E+00   0.0000000E+00   0.0000000E+00        NaN        NaN        NaN   0.0000000E+00             NaN   0.1000000E-16 0.100E-09-0.999E+03-0.999E+03 -999.00000
     -5.955609         NaN 0.000E+00       NaN 0.442E-11 0.100E-11 0.131E-05   0.0000000E+00   0.0000000E+00   0.0000000E+00   0.0000000E+00        NaN        NaN        NaN   0.0000000E+00             NaN   0.1000000E-16 0.100E-09-0.999E+03-0.999E+03 -999.00000
     -6.043190         NaN 0.000E+00       NaN 0.442E-11 0.100E-11 0.131E-05   0.0000000E+00   0.0000000E+00   0.0000000E+00   0.0000000E+00        NaN        NaN        NaN   0.0000000E+00             NaN   0.1000000E-16 0.100E-09-0.999E+03-0.999E+03 -999.00000
     -6.130770         NaN 0.000E+00       NaN 0.442E-11 0.100E-11 0.131E-05   0.0000000E+00   0.0000000E+00   0.0000000E+00   0.0000000E+00        NaN        NaN        NaN   0.0000000E+00             NaN   0.1000000E-16 0.100E-09-0.999E+03-0.999E+03 -999.00000
     -6.218349         NaN 0.000E+00       NaN 0.442E-11 0.100E-11 0.131E-05   0.0000000E+00   0.0000000E+00   0.0000000E+00   0.0000000E+00        NaN        NaN        NaN   0.0000000E+00             NaN   0.1000000E-16 0.100E-09-0.999E+03-0.999E+03 -999.00000
     -6.305929         NaN 0.000E+00       NaN 0.442E-11 0.100E-11 0.131E-05   0.0000000E+00   0.0000000E+00   0.0000000E+00   0.0000000E+00        NaN        NaN        NaN   0.0000000E+00             NaN   0.1000000E-16 0.100E-09-0.999E+03-0.999E+03 -999.00000
     -6.393508         NaN 0.000E+00       NaN 0.442E-11 0.100E-11 0.131E-05   0.0000000E+00   0.0000000E+00   0.0000000E+00   0.0000000E+00        NaN        NaN        NaN   0.0000000E+00             NaN   0.1000000E-16 0.100E-09-0.999E+03-0.999E+03 -999.00000
     -6.481086         NaN 0.000E+00       NaN 0.442E-11 0.100E-11 0.131E-05   0.0000000E+00   0.0000000E+00   0.0000000E+00   0.0000000E+00        NaN        NaN        NaN   0.0000000E+00             NaN   0.1000000E-16 0.100E-09-0.999E+03-0.999E+03 -999.00000
     -6.568665         NaN 0.000E+00       NaN 0.442E-11 0.100E-11 0.131E-05   0.0000000E+00   0.0000000E+00   0.0000000E+00   0.0000000E+00        NaN        NaN        NaN   0.0000000E+00             NaN   0.1000000E-16 0.100E-09-0.999E+03-0.999E+03 -999.00000
     -6.656243         NaN 0.000E+00       NaN 0.442E-11 0.100E-11 0.131E-05   0.0000000E+00   0.0000000E+00   0.0000000E+00   0.0000000E+00        NaN        NaN        NaN   0.0000000E+00             NaN   0.1000000E-16 0.100E-09-0.999E+03-0.999E+03 -999.00000
     -6.743820         NaN 0.000E+00       NaN 0.442E-11 0.100E-11 0.131E-05   0.0000000E+00   0.0000000E+00   0.0000000E+00   0.0000000E+00        NaN        NaN        NaN   0.0000000E+00             NaN   0.1000000E-16 0.100E-09-0.999E+03-0.999E+03 -999.00000
     -6.831397         NaN 0.000E+00       NaN 0.442E-11 0.100E-11 0.131E-05   0.0000000E+00   0.0000000E+00   0.0000000E+00   0.0000000E+00        NaN        NaN        NaN   0.0000000E+00             NaN   0.1000000E-16 0.100E-09-0.999E+03-0.999E+03 -999.00000
     -6.918974         NaN 0.000E+00       NaN 0.442E-11 0.100E-11 0.131E-05   0.0000000E+00   0.0000000E+00   0.0000000E+00   0.0000000E+00        NaN        NaN        NaN   0.0000000E+00             NaN   0.1000000E-16 0.100E-09-0.999E+03-0.999E+03 -999.00000
