 1 - depth, normalized
 2 - temperature, normalized
 3 - salinity, kg/kg
 4 - water density, kg/m**3
 5 - turbulent kinetic energy, normalized
 6 - dissipation rate, normalized
 7 - eddy viscosity for TKE, m**2/s
 8  - mass flux, m/s
 9  - downdraft temperature, C
 10 - downdraft salinity, kg/kg
 11 - downdraft density, kg/m**3
 12 - x-component of speed, m/s
 13 - y-component of speed, m/s
 14 - modulus of speed, m/s
 15 - oxygen, mg/l
 16 - co2, mcmol/l
 17 - ch4, mcmol/l
 18 - eddy viscosity from k-epsilon model, m**2/s
 19 - eddy viscosity from Ziriv model, m**2/s
 20 - dissipation rate from Ziriv model, m**2/s**3
 21 - longitudinal speed from Ziriv model, m/s
     -0.000000         NaN 0.000E+00       NaN 0.442E-11 0.100E-11 0.000E+00   0.0000000E+00   0.0000000E+00   0.0000000E+00   0.0000000E+00        NaN        NaN        NaN   0.3200000E-18             NaN   0.1000000E-16 0.100E-09-0.999E+03-0.999E+03 -999.00000
     -0.087576         NaN 0.000E+00       NaN 0.442E-11 0.100E-11 0.131E-05   0.0000000E+00   0.0000000E+00   0.0000000E+00   0.0000000E+00        NaN        NaN        NaN   0.0000000E+00             NaN   0.1000000E-16 0.100E-09-0.999E+03-0.999E+03 -999.00000
     -0.175153         NaN 0.000E+00       NaN 0.442E-11 0.100E-11 0.131E-05   0.0000000E+00   0.0000000E+00   0.0000000E+00   0.0000000E+00        NaN        NaN        NaN   0.0000000E+00             NaN   0.1000000E-16 0.100E-09-0.999E+03-0.999E+03 -999.00000
     -0.262730         NaN 0.000E+00       NaN 0.442E-11 0.100E-11 0.131E-05   0.0000000E+00   0.0000000E+00   0.0000000E+00   0.0000000E+00        NaN        NaN        NaN   0.0000000E+00             NaN   0.1000000E-16 0.100E-09-0.999E+03-0.999E+03 -999.00000
     -0.350308         NaN 0.000E+00       NaN 0.442E-11 0.100E-11 0.131E-05   0.0000000E+00   0.0000000E+00   0.0000000E+00   0.0000000E+00        NaN        NaN        NaN   0.0000000E+00             NaN   0.1000000E-16 0.100E-09-0.999E+03-0.999E+03 -999.00000
     -0.437886         NaN 0.000E+00       NaN 0.442E-11 0.100E-11 0.131E-05   0.0000000E+00   0.0000000E+00   0.0000000E+00   0.0000000E+00        NaN        NaN        NaN   0.0000000E+00             NaN   0.1000000E-16 0.100E-09-0.999E+03-0.999E+03 -999.00000
     -0.525464         NaN 0.000E+00       NaN 0.442E-11 0.100E-11 0.131E-05   0.0000000E+00   0.0000000E+00   0.0000000E+00   0.0000000E+00        NaN        NaN        NaN   0.0000000E+00             NaN   0.1000000E-16 0.100E-09-0.999E+03-0.999E+03 -999.00000
     -0.613043         NaN 0.000E+00       NaN 0.442E-11 0.100E-11 0.131E-05   0.0000000E+00   0.0000000E+00   0.0000000E+00   0.0000000E+00        NaN        NaN        NaN   0.0000000E+00             NaN   0.1000000E-16 0.100E-09-0.999E+03-0.999E+03 -999.00000
     -0.700622         NaN 0.000E+00       NaN 0.442E-11 0.100E-11 0.131E-05   0.0000000E+00   0.0000000E+00   0.0000000E+00   0.0000000E+00        NaN        NaN        NaN   0.0000000E+00             NaN   0.1000000E-16 0.100E-09-0.999E+03-0.999E+03 -999.00000
     -0.788201         NaN 0.000E+00       NaN 0.442E-11 0.100E-11 0.131E-05   0.0000000E+00   0.0000000E+00   0.0000000E+00   0.0000000E+00        NaN        NaN        NaN   0.0000000E+00             NaN   0.1000000E-16 0.100E-09-0.999E+03-0.999E+03 -999.00000
     -0.875781         NaN 0.000E+00       NaN 0.442E-11 0.100E-11 0.131E-05   0.0000000E+00   0.0000000E+00   0.0000000E+00   0.0000000E+00        NaN        NaN        NaN   0.0000000E+00             NaN   0.1000000E-16 0.100E-09-0.999E+03-0.999E+03 -999.00000
     -0.963361         NaN 0.000E+00       NaN 0.442E-11 0.100E-11 0.131E-05   0.0000000E+00   0.0000000E+00   0.0000000E+00   0.0000000E+00        NaN        NaN        NaN   0.0000000E+00             NaN   0.1000000E-16 0.100E-09-0.999E+03-0.999E+03 -999.00000
     -1.050942         NaN 0.000E+00       NaN 0.442E-11 0.100E-11 0.131E-05   0.0000000E+00   0.0000000E+00   0.0000000E+00   0.0000000E+00        NaN        NaN        NaN   0.0000000E+00             NaN   0.1000000E-16 0.100E-09-0.999E+03-0.999E+03 -999.00000
     -1.138522         NaN 0.000E+00       NaN 0.442E-11 0.100E-11 0.131E-05   0.0000000E+00   0.0000000E+00   0.0000000E+00   0.0000000E+00        NaN        NaN        NaN   0.0000000E+00             NaN   0.1000000E-16 0.100E-09-0.999E+03-0.999E+03 -999.00000
     -1.226103         NaN 0.000E+00       NaN 0.442E-11 0.100E-11 0.131E-05   0.0000000E+00   0.0000000E+00   0.0000000E+00   0.0000000E+00        NaN        NaN        NaN   0.0000000E+00             NaN   0.1000000E-16 0.100E-09-0.999E+03-0.999E+03 -999.00000
     -1.313685         NaN 0.000E+00       NaN 0.442E-11 0.100E-11 0.131E-05   0.0000000E+00   0.0000000E+00   0.0000000E+00   0.0000000E+00        NaN        NaN        NaN   0.0000000E+00             NaN   0.1000000E-16 0.100E-09-0.999E+03-0.999E+03 -999.00000
     -1.401266         NaN 0.000E+00       NaN 0.442E-11 0.100E-11 0.131E-05   0.0000000E+00   0.0000000E+00   0.0000000E+00   0.0000000E+00        NaN        NaN        NaN   0.0000000E+00             NaN   0.1000000E-16 0.100E-09-0.999E+03-0.999E+03 -999.00000
     -1.488848         NaN 0.000E+00       NaN 0.442E-11 0.100E-11 0.131E-05   0.0000000E+00   0.0000000E+00   0.0000000E+00   0.0000000E+00        NaN        NaN        NaN   0.0000000E+00             NaN   0.1000000E-16 0.100E-09-0.999E+03-0.999E+03 -999.00000
     -1.576430         NaN 0.000E+00       NaN 0.442E-11 0.100E-11 0.131E-05   0.0000000E+00   0.0000000E+00   0.0000000E+00   0.0000000E+00        NaN        NaN        NaN   0.0000000E+00             NaN   0.1000000E-16 0.100E-09-0.999E+03-0.999E+03 -999.00000
     -1.664013         NaN 0.000E+00       NaN 0.442E-11 0.100E-11 0.131E-05   0.0000000E+00   0.0000000E+00   0.0000000E+00   0.0000000E+00        NaN        NaN        NaN   0.0000000E+00             NaN   0.1000000E-16 0.100E-09-0.999E+03-0.999E+03 -999.00000
     -1.751595         NaN 0.000E+00       NaN 0.442E-11 0.100E-11 0.131E-05   0.0000000E+00   0.0000000E+00   0.0000000E+00   0.0000000E+00        NaN        NaN        NaN   0.0000000E+00             NaN   0.1000000E-16 0.100E-09-0.999E+03-0.999E+03 -999.00000
     -1.839178         NaN 0.000E+00       NaN 0.442E-11 0.100E-11 0.131E-05   0.0000000E+00   0.0000000E+00   0.0000000E+00   0.0000000E+00        NaN        NaN        NaN   0.0000000E+00             NaN   0.1000000E-16 0.100E-09-0.999E+03-0.999E+03 -999.00000
     -1.926761         NaN 0.000E+00       NaN 0.442E-11 0.100E-11 0.131E-05   0.0000000E+00   0.0000000E+00   0.0000000E+00   0.0000000E+00        NaN        NaN        NaN   0.0000000E+00             NaN   0.1000000E-16 0.100E-09-0.999E+03-0.999E+03 -999.00000
     -2.014344         NaN 0.000E+00       NaN 0.442E-11 0.100E-11 0.131E-05   0.0000000E+00   0.0000000E+00   0.0000000E+00   0.0000000E+00        NaN        NaN        NaN   0.0000000E+00             NaN   0.1000000E-16 0.100E-09-0.999E+03-0.999E+03 -999.00000
     -2.101927         NaN 0.000E+00       NaN 0.442E-11 0.100E-11 0.131E-05   0.0000000E+00   0.0000000E+00   0.0000000E+00   0.0000000E+00        NaN        NaN        NaN   0.0000000E+00             NaN   0.1000000E-16 0.100E-09-0.999E+03-0.999E+03 -999.00000
     -2.189511         NaN 0.000E+00       NaN 0.442E-11 0.100E-11 0.131E-05   0.0000000E+00   0.0000000E+00   0.0000000E+00   0.0000000E+00        NaN        NaN        NaN   0.0000000E+00             NaN   0.1000000E-16 0.100E-09-0.999E+03-0.999E+03 -999.00000
     -2.277095         NaN 0.000E+00       NaN 0.442E-11 0.100E-11 0.131E-05   0.0000000E+00   0.0000000E+00   0.0000000E+00   0.0000000E+00        NaN        NaN        NaN   0.0000000E+00             NaN   0.1000000E-16 0.100E-09-0.999E+03-0.999E+03 -999.00000
     -2.364679         NaN 0.000E+00       NaN 0.442E-11 0.100E-11 0.131E-05   0.0000000E+00   0.0000000E+00   0.0000000E+00   0.0000000E+00        NaN        NaN        NaN   0.0000000E+00             NaN   0.1000000E-16 0.100E-09-0.999E+03-0.999E+03 -999.00000
     -2.452263         NaN 0.000E+00       NaN 0.442E-11 0.100E-11 0.131E-05   0.0000000E+00   0.0000000E+00   0.0000000E+00   0.0000000E+00        NaN        NaN        NaN   0.0000000E+00             NaN   0.1000000E-16 0.100E-09-0.999E+03-0.999E+03 -999.00000
     -2.539847         NaN 0.000E+00       NaN 0.442E-11 0.100E-11 0.131E-05   0.0000000E+00   0.0000000E+00   0.0000000E+00   0.0000000E+00        NaN        NaN        NaN   0.0000000E+00             NaN   0.1000000E-16 0.100E-09-0.999E+03-0.999E+03 -999.00000
     -2.627431         NaN 0.000E+00       NaN 0.442E-11 0.100E-11 0.131E-05   0.0000000E+00   0.0000000E+00   0.0000000E+00   0.0000000E+00        NaN        NaN        NaN   0.0000000E+00             NaN   0.1000000E-16 0.100E-09-0.999E+03-0.999E+03 -999.00000
     -2.715015         NaN 0.000E+00       NaN 0.442E-11 0.100E-11 0.131E-05   0.0000000E+00   0.0000000E+00   0.0000000E+00   0.0000000E+00        NaN        NaN        NaN   0.0000000E+00             NaN   0.1000000E-16 0.100E-09-0.999E+03-0.999E+03 -999.00000
     -2.802600         NaN 0.000E+00       NaN 0.442E-11 0.100E-11 0.131E-05   0.0000000E+00   0.0000000E+00   0.0000000E+00   0.0000000E+00        NaN        NaN        NaN   0.0000000E+00             NaN   0.1000000E-16 0.100E-09-0.999E+03-0.999E+03 -999.00000
     -2.890184         NaN 0.000E+00       NaN 0.442E-11 0.100E-11 0.131E-05   0.0000000E+00   0.0000000E+00   0.0000000E+00   0.0000000E+00        NaN        NaN        NaN   0.0000000E+00             NaN   0.1000000E-16 0.100E-09-0.999E+03-0.999E+03 -999.00000
     -2.977769         NaN 0.000E+00       NaN 0.442E-11 0.100E-11 0.131E-05   0.0000000E+00   0.0000000E+00   0.0000000E+00   0.0000000E+00        NaN        NaN        NaN   0.0000000E+00             NaN   0.1000000E-16 0.100E-09-0.999E+03-0.999E+03 -999.00000
     -3.065354         NaN 0.000E+00       NaN 0.442E-11 0.100E-11 0.131E-05   0.0000000E+00   0.0000000E+00   0.0000000E+00   0.0000000E+00        NaN        NaN        NaN   0.0000000E+00             NaN   0.1000000E-16 0.100E-09-0.999E+03-0.999E+03 -999.00000
     -3.152939         NaN 0.000E+00       NaN 0.442E-11 0.100E-11 0.131E-05   0.0000000E+00   0.0000000E+00   0.0000000E+00   0.0000000E+00        NaN        NaN        NaN   0.0000000E+00             NaN   0.1000000E-16 0.100E-09-0.999E+03-0.999E+03 -999.00000
     -3.240523         NaN 0.000E+00       NaN 0.442E-11 0.100E-11 0.131E-05   0.0000000E+00   0.0000000E+00   0.0000000E+00   0.0000000E+00        NaN        NaN        NaN   0.0000000E+00             NaN   0.1000000E-16 0.100E-09-0.999E+03-0.999E+03 -999.00000
     -3.328108         NaN 0.000E+00       NaN 0.442E-11 0.100E-11 0.131E-05   0.0000000E+00   0.0000000E+00   0.0000000E+00   0.0000000E+00        NaN        NaN        NaN   0.0000000E+00             NaN   0.1000000E-16 0.100E-09-0.999E+03-0.999E+03 -999.00000
     -3.415693         NaN 0.000E+00       NaN 0.442E-11 0.100E-11 0.131E-05   0.0000000E+00   0.0000000E+00   0.0000000E+00   0.0000000E+00        NaN        NaN        NaN   0.0000000E+00             NaN   0.1000000E-16 0.100E-09-0.999E+03-0.999E+03 -999.00000
     -3.503278         NaN 0.000E+00       NaN 0.442E-11 0.100E-11 0.131E-05   0.0000000E+00   0.0000000E+00   0.0000000E+00   0.0000000E+00        NaN        NaN        NaN   0.0000000E+00             NaN   0.1000000E-16 0.100E-09-0.999E+03-0.999E+03 -999.00000
     -3.590863         NaN 0.000E+00       NaN 0.442E-11 0.100E-11 0.131E-05   0.0000000E+00   0.0000000E+00   0.0000000E+00   0.0000000E+00        NaN        NaN        NaN   0.0000000E+00             NaN   0.1000000E-16 0.100E-09-0.999E+03-0.999E+03 -999.00000
     -3.678448         NaN 0.000E+00       NaN 0.442E-11 0.100E-11 0.131E-05   0.0000000E+00   0.0000000E+00   0.0000000E+00   0.0000000E+00        NaN        NaN        NaN   0.0000000E+00             NaN   0.1000000E-16 0.100E-09-0.999E+03-0.999E+03 -999.00000
     -3.766032         NaN 0.000E+00       NaN 0.442E-11 0.100E-11 0.131E-05   0.0000000E+00   0.0000000E+00   0.0000000E+00   0.0000000E+00        NaN        NaN        NaN   0.0000000E+00             NaN   0.1000000E-16 0.100E-09-0.999E+03-0.999E+03 -999.00000
     -3.853617         NaN 0.000E+00       NaN 0.442E-11 0.100E-11 0.131E-05   0.0000000E+00   0.0000000E+00   0.0000000E+00   0.0000000E+00        NaN        NaN        NaN   0.0000000E+00             NaN   0.1000000E-16 0.100E-09-0.999E+03-0.999E+03 -999.00000
     -3.941202         NaN 0.000E+00       NaN 0.442E-11 0.100E-11 0.131E-05   0.0000000E+00   0.0000000E+00   0.0000000E+00   0.0000000E+00        NaN        NaN        NaN   0.0000000E+00             NaN   0.1000000E-16 0.100E-09-0.999E+03-0.999E+03 -999.00000
     -4.028787         NaN 0.000E+00       NaN 0.442E-11 0.100E-11 0.131E-05   0.0000000E+00   0.0000000E+00   0.0000000E+00   0.0000000E+00        NaN        NaN        NaN   0.0000000E+00             NaN   0.1000000E-16 0.100E-09-0.999E+03-0.999E+03 -999.00000
     -4.116371         NaN 0.000E+00       NaN 0.442E-11 0.100E-11 0.131E-05   0.0000000E+00   0.0000000E+00   0.0000000E+00   0.0000000E+00        NaN        NaN        NaN   0.0000000E+00             NaN   0.1000000E-16 0.100E-09-0.999E+03-0.999E+03 -999.00000
     -4.203956         NaN 0.000E+00       NaN 0.442E-11 0.100E-11 0.131E-05   0.0000000E+00   0.0000000E+00   0.0000000E+00   0.0000000E+00        NaN        NaN        NaN   0.0000000E+00             NaN   0.1000000E-16 0.100E-09-0.999E+03-0.999E+03 -999.00000
     -4.291540         NaN 0.000E+00       NaN 0.442E-11 0.100E-11 0.131E-05   0.0000000E+00   0.0000000E+00   0.0000000E+00   0.0000000E+00        NaN        NaN        NaN   0.0000000E+00             NaN   0.1000000E-16 0.100E-09-0.999E+03-0.999E+03 -999.00000
     -4.379125         NaN 0.000E+00       NaN 0.442E-11 0.100E-11 0.131E-05   0.0000000E+00   0.0000000E+00   0.0000000E+00   0.0000000E+00        NaN        NaN        NaN   0.0000000E+00             NaN   0.1000000E-16 0.100E-09-0.999E+03-0.999E+03 -999.00000
     -4.466709         NaN 0.000E+00       NaN 0.442E-11 0.100E-11 0.131E-05   0.0000000E+00   0.0000000E+00   0.0000000E+00   0.0000000E+00        NaN        NaN        NaN   0.0000000E+00             NaN   0.1000000E-16 0.100E-09-0.999E+03-0.999E+03 -999.00000
     -4.554293         NaN 0.000E+00       NaN 0.442E-11 0.100E-11 0.131E-05   0.0000000E+00   0.0000000E+00   0.0000000E+00   0.0000000E+00        NaN        NaN        NaN   0.0000000E+00             NaN   0.1000000E-16 0.100E-09-0.999E+03-0.999E+03 -999.00000
     -4.641877         NaN 0.000E+00       NaN 0.442E-11 0.100E-11 0.131E-05   0.0000000E+00   0.0000000E+00   0.0000000E+00   0.0000000E+00        NaN        NaN        NaN   0.0000000E+00             NaN   0.1000000E-16 0.100E-09-0.999E+03-0.999E+03 -999.00000
     -4.729461         NaN 0.000E+00       NaN 0.442E-11 0.100E-11 0.131E-05   0.0000000E+00   0.0000000E+00   0.0000000E+00   0.0000000E+00        NaN        NaN        NaN   0.0000000E+00             NaN   0.1000000E-16 0.100E-09-0.999E+03-0.999E+03 -999.00000
     -4.817045         NaN 0.000E+00       NaN 0.442E-11 0.100E-11 0.131E-05   0.0000000E+00   0.0000000E+00   0.0000000E+00   0.0000000E+00        NaN        NaN        NaN   0.0000000E+00             NaN   0.1000000E-16 0.100E-09-0.999E+03-0.999E+03 -999.00000
     -4.904628         NaN 0.000E+00       NaN 0.442E-11 0.100E-11 0.131E-05   0.0000000E+00   0.0000000E+00   0.0000000E+00   0.0000000E+00        NaN        NaN        NaN   0.0000000E+00             NaN   0.1000000E-16 0.100E-09-0.999E+03-0.999E+03 -999.00000
     -4.992212         NaN 0.000E+00       NaN 0.442E-11 0.100E-11 0.131E-05   0.0000000E+00   0.0000000E+00   0.0000000E+00   0.0000000E+00        NaN        NaN        NaN   0.0000000E+00             NaN   0.1000000E-16 0.100E-09-0.999E+03-0.999E+03 -999.00000
     -5.079795         NaN 0.000E+00       NaN 0.442E-11 0.100E-11 0.131E-05   0.0000000E+00   0.0000000E+00   0.0000000E+00   0.0000000E+00        NaN        NaN        NaN   0.0000000E+00             NaN   0.1000000E-16 0.100E-09-0.999E+03-0.999E+03 -999.00000
     -5.167378         NaN 0.000E+00       NaN 0.442E-11 0.100E-11 0.131E-05   0.0000000E+00   0.0000000E+00   0.0000000E+00   0.0000000E+00        NaN        NaN        NaN   0.0000000E+00             NaN   0.1000000E-16 0.100E-09-0.999E+03-0.999E+03 -999.00000
     -5.254961         NaN 0.000E+00       NaN 0.442E-11 0.100E-11 0.131E-05   0.0000000E+00   0.0000000E+00   0.0000000E+00   0.0000000E+00        NaN        NaN        NaN   0.0000000E+00             NaN   0.1000000E-16 0.100E-09-0.999E+03-0.999E+03 -999.00000
     -5.342543         NaN 0.000E+00       NaN 0.442E-11 0.100E-11 0.131E-05   0.0000000E+00   0.0000000E+00   0.0000000E+00   0.0000000E+00        NaN        NaN        NaN   0.0000000E+00             NaN   0.1000000E-16 0.100E-09-0.999E+03-0.999E+03 -999.00000
     -5.430126         NaN 0.000E+00       NaN 0.442E-11 0.100E-11 0.131E-05   0.0000000E+00   0.0000000E+00   0.0000000E+00   0.0000000E+00        NaN        NaN        NaN   0.0000000E+00             NaN   0.1000000E-16 0.100E-09-0.999E+03-0.999E+03 -999.00000
     -5.517708         NaN 0.000E+00       NaN 0.442E-11 0.100E-11 0.131E-05   0.0000000E+00   0.0000000E+00   0.0000000E+00   0.0000000E+00        NaN        NaN        NaN   0.0000000E+00             NaN   0.1000000E-16 0.100E-09-0.999E+03-0.999E+03 -999.00000
     -5.605289         NaN 0.000E+00       NaN 0.442E-11 0.100E-11 0.131E-05   0.0000000E+00   0.0000000E+00   0.0000000E+00   0.0000000E+00        NaN        NaN        NaN   0.0000000E+00             NaN   0.1000000E-16 0.100E-09-0.999E+03-0.999E+03 -999.00000
     -5.692871         NaN 0.000E+00       NaN 0.442E-11 0.100E-11 0.131E-05   0.0000000E+00   0.0000000E+00   0.0000000E+00   0.0000000E+00        NaN        NaN        NaN   0.0000000E+00             NaN   0.1000000E-16 0.100E-09-0.999E+03-0.999E+03 -999.00000
     -5.780452         NaN 0.000E+00       NaN 0.442E-11 0.100E-11 0.131E-05   0.0000000E+00   0.0000000E+00   0.0000000E+00   0.0000000E+00        NaN        NaN        NaN   0.0000000E+00             NaN   0.1000000E-16 0.100E-09-0.999E+03-0.999E+03 -999.00000
     -5.868033         NaN 0.000E+00       NaN 0.442E-11 0.100E-11 0.131E-05   0.0000000E+00   0.0000000E+00   0.0000000E+00   0.0000000E+00        NaN        NaN        NaN   0.0000000E+00             NaN   0.1000000E-16 0.100E-09-0.999E+03-0.999E+03 -999.00000
     -5.955614         NaN 0.000E+00       NaN 0.442E-11 0.100E-11 0.131E-05   0.0000000E+00   0.0000000E+00   0.0000000E+00   0.0000000E+00        NaN        NaN        NaN   0.0000000E+00             NaN   0.1000000E-16 0.100E-09-0.999E+03-0.999E+03 -999.00000
     -6.043195         NaN 0.000E+00       NaN 0.442E-11 0.100E-11 0.131E-05   0.0000000E+00   0.0000000E+00   0.0000000E+00   0.0000000E+00        NaN        NaN        NaN   0.0000000E+00             NaN   0.1000000E-16 0.100E-09-0.999E+03-0.999E+03 -999.00000
     -6.130775         NaN 0.000E+00       NaN 0.442E-11 0.100E-11 0.131E-05   0.0000000E+00   0.0000000E+00   0.0000000E+00   0.0000000E+00        NaN        NaN        NaN   0.0000000E+00             NaN   0.1000000E-16 0.100E-09-0.999E+03-0.999E+03 -999.00000
     -6.218354         NaN 0.000E+00       NaN 0.442E-11 0.100E-11 0.131E-05   0.0000000E+00   0.0000000E+00   0.0000000E+00   0.0000000E+00        NaN        NaN        NaN   0.0000000E+00             NaN   0.1000000E-16 0.100E-09-0.999E+03-0.999E+03 -999.00000
     -6.305934         NaN 0.000E+00       NaN 0.442E-11 0.100E-11 0.131E-05   0.0000000E+00   0.0000000E+00   0.0000000E+00   0.0000000E+00        NaN        NaN        NaN   0.0000000E+00             NaN   0.1000000E-16 0.100E-09-0.999E+03-0.999E+03 -999.00000
     -6.393513         NaN 0.000E+00       NaN 0.442E-11 0.100E-11 0.131E-05   0.0000000E+00   0.0000000E+00   0.0000000E+00   0.0000000E+00        NaN        NaN        NaN   0.0000000E+00             NaN   0.1000000E-16 0.100E-09-0.999E+03-0.999E+03 -999.00000
     -6.481092         NaN 0.000E+00       NaN 0.442E-11 0.100E-11 0.131E-05   0.0000000E+00   0.0000000E+00   0.0000000E+00   0.0000000E+00        NaN        NaN        NaN   0.0000000E+00             NaN   0.1000000E-16 0.100E-09-0.999E+03-0.999E+03 -999.00000
     -6.568670         NaN 0.000E+00       NaN 0.442E-11 0.100E-11 0.131E-05   0.0000000E+00   0.0000000E+00   0.0000000E+00   0.0000000E+00        NaN        NaN        NaN   0.0000000E+00             NaN   0.1000000E-16 0.100E-09-0.999E+03-0.999E+03 -999.00000
     -6.656248         NaN 0.000E+00       NaN 0.442E-11 0.100E-11 0.131E-05   0.0000000E+00   0.0000000E+00   0.0000000E+00   0.0000000E+00        NaN        NaN        NaN   0.0000000E+00             NaN   0.1000000E-16 0.100E-09-0.999E+03-0.999E+03 -999.00000
     -6.743826         NaN 0.000E+00       NaN 0.442E-11 0.100E-11 0.131E-05   0.0000000E+00   0.0000000E+00   0.0000000E+00   0.0000000E+00        NaN        NaN        NaN   0.0000000E+00             NaN   0.1000000E-16 0.100E-09-0.999E+03-0.999E+03 -999.00000
     -6.831403         NaN 0.000E+00       NaN 0.442E-11 0.100E-11 0.131E-05   0.0000000E+00   0.0000000E+00   0.0000000E+00   0.0000000E+00        NaN        NaN        NaN   0.0000000E+00             NaN   0.1000000E-16 0.100E-09-0.999E+03-0.999E+03 -999.00000
     -6.918979         NaN 0.000E+00       NaN 0.442E-11 0.100E-11 0.131E-05   0.0000000E+00   0.0000000E+00   0.0000000E+00   0.0000000E+00        NaN        NaN        NaN   0.0000000E+00             NaN   0.1000000E-16 0.100E-09-0.999E+03-0.999E+03 -999.00000
