 1 - depth, normalized
 2 - temperature, normalized
 3 - salinity, kg/kg
 4 - water density, kg/m**3
 5 - turbulent kinetic energy, normalized
 6 - dissipation rate, normalized
 7 - eddy viscosity for TKE, m**2/s
 8  - mass flux, m/s
 9  - downdraft temperature, C
 10 - downdraft salinity, kg/kg
 11 - downdraft density, kg/m**3
 12 - x-component of speed, m/s
 13 - y-component of speed, m/s
 14 - modulus of speed, m/s
 15 - oxygen, mg/l
 16 - co2, mcmol/l
 17 - ch4, mcmol/l
 18 - eddy viscosity from k-epsilon model, m**2/s
 19 - eddy viscosity from Ziriv model, m**2/s
 20 - dissipation rate from Ziriv model, m**2/s**3
 21 - longitudinal speed from Ziriv model, m/s
     -0.000000         NaN 0.000E+00       NaN 0.442E-11 0.100E-11 0.000E+00   0.0000000E+00   0.0000000E+00   0.0000000E+00   0.0000000E+00        NaN        NaN        NaN   0.3200000E-18             NaN   0.1000000E-16 0.100E-09-0.999E+03-0.999E+03 -999.00000
     -0.087506         NaN 0.000E+00       NaN 0.442E-11 0.100E-11 0.131E-05   0.0000000E+00   0.0000000E+00   0.0000000E+00   0.0000000E+00        NaN        NaN        NaN   0.0000000E+00             NaN   0.1000000E-16 0.100E-09-0.999E+03-0.999E+03 -999.00000
     -0.175012         NaN 0.000E+00       NaN 0.442E-11 0.100E-11 0.131E-05   0.0000000E+00   0.0000000E+00   0.0000000E+00   0.0000000E+00        NaN        NaN        NaN   0.0000000E+00             NaN   0.1000000E-16 0.100E-09-0.999E+03-0.999E+03 -999.00000
     -0.262518         NaN 0.000E+00       NaN 0.442E-11 0.100E-11 0.131E-05   0.0000000E+00   0.0000000E+00   0.0000000E+00   0.0000000E+00        NaN        NaN        NaN   0.0000000E+00             NaN   0.1000000E-16 0.100E-09-0.999E+03-0.999E+03 -999.00000
     -0.350025         NaN 0.000E+00       NaN 0.442E-11 0.100E-11 0.131E-05   0.0000000E+00   0.0000000E+00   0.0000000E+00   0.0000000E+00        NaN        NaN        NaN   0.0000000E+00             NaN   0.1000000E-16 0.100E-09-0.999E+03-0.999E+03 -999.00000
     -0.437533         NaN 0.000E+00       NaN 0.442E-11 0.100E-11 0.131E-05   0.0000000E+00   0.0000000E+00   0.0000000E+00   0.0000000E+00        NaN        NaN        NaN   0.0000000E+00             NaN   0.1000000E-16 0.100E-09-0.999E+03-0.999E+03 -999.00000
     -0.525041         NaN 0.000E+00       NaN 0.442E-11 0.100E-11 0.131E-05   0.0000000E+00   0.0000000E+00   0.0000000E+00   0.0000000E+00        NaN        NaN        NaN   0.0000000E+00             NaN   0.1000000E-16 0.100E-09-0.999E+03-0.999E+03 -999.00000
     -0.612549         NaN 0.000E+00       NaN 0.442E-11 0.100E-11 0.131E-05   0.0000000E+00   0.0000000E+00   0.0000000E+00   0.0000000E+00        NaN        NaN        NaN   0.0000000E+00             NaN   0.1000000E-16 0.100E-09-0.999E+03-0.999E+03 -999.00000
     -0.700057         NaN 0.000E+00       NaN 0.442E-11 0.100E-11 0.131E-05   0.0000000E+00   0.0000000E+00   0.0000000E+00   0.0000000E+00        NaN        NaN        NaN   0.0000000E+00             NaN   0.1000000E-16 0.100E-09-0.999E+03-0.999E+03 -999.00000
     -0.787566         NaN 0.000E+00       NaN 0.442E-11 0.100E-11 0.131E-05   0.0000000E+00   0.0000000E+00   0.0000000E+00   0.0000000E+00        NaN        NaN        NaN   0.0000000E+00             NaN   0.1000000E-16 0.100E-09-0.999E+03-0.999E+03 -999.00000
     -0.875075         NaN 0.000E+00       NaN 0.442E-11 0.100E-11 0.131E-05   0.0000000E+00   0.0000000E+00   0.0000000E+00   0.0000000E+00        NaN        NaN        NaN   0.0000000E+00             NaN   0.1000000E-16 0.100E-09-0.999E+03-0.999E+03 -999.00000
     -0.962585         NaN 0.000E+00       NaN 0.442E-11 0.100E-11 0.131E-05   0.0000000E+00   0.0000000E+00   0.0000000E+00   0.0000000E+00        NaN        NaN        NaN   0.0000000E+00             NaN   0.1000000E-16 0.100E-09-0.999E+03-0.999E+03 -999.00000
     -1.050095         NaN 0.000E+00       NaN 0.442E-11 0.100E-11 0.131E-05   0.0000000E+00   0.0000000E+00   0.0000000E+00   0.0000000E+00        NaN        NaN        NaN   0.0000000E+00             NaN   0.1000000E-16 0.100E-09-0.999E+03-0.999E+03 -999.00000
     -1.137605         NaN 0.000E+00       NaN 0.442E-11 0.100E-11 0.131E-05   0.0000000E+00   0.0000000E+00   0.0000000E+00   0.0000000E+00        NaN        NaN        NaN   0.0000000E+00             NaN   0.1000000E-16 0.100E-09-0.999E+03-0.999E+03 -999.00000
     -1.225115         NaN 0.000E+00       NaN 0.442E-11 0.100E-11 0.131E-05   0.0000000E+00   0.0000000E+00   0.0000000E+00   0.0000000E+00        NaN        NaN        NaN   0.0000000E+00             NaN   0.1000000E-16 0.100E-09-0.999E+03-0.999E+03 -999.00000
     -1.312626         NaN 0.000E+00       NaN 0.442E-11 0.100E-11 0.131E-05   0.0000000E+00   0.0000000E+00   0.0000000E+00   0.0000000E+00        NaN        NaN        NaN   0.0000000E+00             NaN   0.1000000E-16 0.100E-09-0.999E+03-0.999E+03 -999.00000
     -1.400137         NaN 0.000E+00       NaN 0.442E-11 0.100E-11 0.131E-05   0.0000000E+00   0.0000000E+00   0.0000000E+00   0.0000000E+00        NaN        NaN        NaN   0.0000000E+00             NaN   0.1000000E-16 0.100E-09-0.999E+03-0.999E+03 -999.00000
     -1.487648         NaN 0.000E+00       NaN 0.442E-11 0.100E-11 0.131E-05   0.0000000E+00   0.0000000E+00   0.0000000E+00   0.0000000E+00        NaN        NaN        NaN   0.0000000E+00             NaN   0.1000000E-16 0.100E-09-0.999E+03-0.999E+03 -999.00000
     -1.575160         NaN 0.000E+00       NaN 0.442E-11 0.100E-11 0.131E-05   0.0000000E+00   0.0000000E+00   0.0000000E+00   0.0000000E+00        NaN        NaN        NaN   0.0000000E+00             NaN   0.1000000E-16 0.100E-09-0.999E+03-0.999E+03 -999.00000
     -1.662671         NaN 0.000E+00       NaN 0.442E-11 0.100E-11 0.131E-05   0.0000000E+00   0.0000000E+00   0.0000000E+00   0.0000000E+00        NaN        NaN        NaN   0.0000000E+00             NaN   0.1000000E-16 0.100E-09-0.999E+03-0.999E+03 -999.00000
     -1.750183         NaN 0.000E+00       NaN 0.442E-11 0.100E-11 0.131E-05   0.0000000E+00   0.0000000E+00   0.0000000E+00   0.0000000E+00        NaN        NaN        NaN   0.0000000E+00             NaN   0.1000000E-16 0.100E-09-0.999E+03-0.999E+03 -999.00000
     -1.837696         NaN 0.000E+00       NaN 0.442E-11 0.100E-11 0.131E-05   0.0000000E+00   0.0000000E+00   0.0000000E+00   0.0000000E+00        NaN        NaN        NaN   0.0000000E+00             NaN   0.1000000E-16 0.100E-09-0.999E+03-0.999E+03 -999.00000
     -1.925208         NaN 0.000E+00       NaN 0.442E-11 0.100E-11 0.131E-05   0.0000000E+00   0.0000000E+00   0.0000000E+00   0.0000000E+00        NaN        NaN        NaN   0.0000000E+00             NaN   0.1000000E-16 0.100E-09-0.999E+03-0.999E+03 -999.00000
     -2.012721         NaN 0.000E+00       NaN 0.442E-11 0.100E-11 0.131E-05   0.0000000E+00   0.0000000E+00   0.0000000E+00   0.0000000E+00        NaN        NaN        NaN   0.0000000E+00             NaN   0.1000000E-16 0.100E-09-0.999E+03-0.999E+03 -999.00000
     -2.100233         NaN 0.000E+00       NaN 0.442E-11 0.100E-11 0.131E-05   0.0000000E+00   0.0000000E+00   0.0000000E+00   0.0000000E+00        NaN        NaN        NaN   0.0000000E+00             NaN   0.1000000E-16 0.100E-09-0.999E+03-0.999E+03 -999.00000
     -2.187746         NaN 0.000E+00       NaN 0.442E-11 0.100E-11 0.131E-05   0.0000000E+00   0.0000000E+00   0.0000000E+00   0.0000000E+00        NaN        NaN        NaN   0.0000000E+00             NaN   0.1000000E-16 0.100E-09-0.999E+03-0.999E+03 -999.00000
     -2.275259         NaN 0.000E+00       NaN 0.442E-11 0.100E-11 0.131E-05   0.0000000E+00   0.0000000E+00   0.0000000E+00   0.0000000E+00        NaN        NaN        NaN   0.0000000E+00             NaN   0.1000000E-16 0.100E-09-0.999E+03-0.999E+03 -999.00000
     -2.362773         NaN 0.000E+00       NaN 0.442E-11 0.100E-11 0.131E-05   0.0000000E+00   0.0000000E+00   0.0000000E+00   0.0000000E+00        NaN        NaN        NaN   0.0000000E+00             NaN   0.1000000E-16 0.100E-09-0.999E+03-0.999E+03 -999.00000
     -2.450286         NaN 0.000E+00       NaN 0.442E-11 0.100E-11 0.131E-05   0.0000000E+00   0.0000000E+00   0.0000000E+00   0.0000000E+00        NaN        NaN        NaN   0.0000000E+00             NaN   0.1000000E-16 0.100E-09-0.999E+03-0.999E+03 -999.00000
     -2.537800         NaN 0.000E+00       NaN 0.442E-11 0.100E-11 0.131E-05   0.0000000E+00   0.0000000E+00   0.0000000E+00   0.0000000E+00        NaN        NaN        NaN   0.0000000E+00             NaN   0.1000000E-16 0.100E-09-0.999E+03-0.999E+03 -999.00000
     -2.625313         NaN 0.000E+00       NaN 0.442E-11 0.100E-11 0.131E-05   0.0000000E+00   0.0000000E+00   0.0000000E+00   0.0000000E+00        NaN        NaN        NaN   0.0000000E+00             NaN   0.1000000E-16 0.100E-09-0.999E+03-0.999E+03 -999.00000
     -2.712827         NaN 0.000E+00       NaN 0.442E-11 0.100E-11 0.131E-05   0.0000000E+00   0.0000000E+00   0.0000000E+00   0.0000000E+00        NaN        NaN        NaN   0.0000000E+00             NaN   0.1000000E-16 0.100E-09-0.999E+03-0.999E+03 -999.00000
     -2.800341         NaN 0.000E+00       NaN 0.442E-11 0.100E-11 0.131E-05   0.0000000E+00   0.0000000E+00   0.0000000E+00   0.0000000E+00        NaN        NaN        NaN   0.0000000E+00             NaN   0.1000000E-16 0.100E-09-0.999E+03-0.999E+03 -999.00000
     -2.887855         NaN 0.000E+00       NaN 0.442E-11 0.100E-11 0.131E-05   0.0000000E+00   0.0000000E+00   0.0000000E+00   0.0000000E+00        NaN        NaN        NaN   0.0000000E+00             NaN   0.1000000E-16 0.100E-09-0.999E+03-0.999E+03 -999.00000
     -2.975369         NaN 0.000E+00       NaN 0.442E-11 0.100E-11 0.131E-05   0.0000000E+00   0.0000000E+00   0.0000000E+00   0.0000000E+00        NaN        NaN        NaN   0.0000000E+00             NaN   0.1000000E-16 0.100E-09-0.999E+03-0.999E+03 -999.00000
     -3.062883         NaN 0.000E+00       NaN 0.442E-11 0.100E-11 0.131E-05   0.0000000E+00   0.0000000E+00   0.0000000E+00   0.0000000E+00        NaN        NaN        NaN   0.0000000E+00             NaN   0.1000000E-16 0.100E-09-0.999E+03-0.999E+03 -999.00000
     -3.150397         NaN 0.000E+00       NaN 0.442E-11 0.100E-11 0.131E-05   0.0000000E+00   0.0000000E+00   0.0000000E+00   0.0000000E+00        NaN        NaN        NaN   0.0000000E+00             NaN   0.1000000E-16 0.100E-09-0.999E+03-0.999E+03 -999.00000
     -3.237911         NaN 0.000E+00       NaN 0.442E-11 0.100E-11 0.131E-05   0.0000000E+00   0.0000000E+00   0.0000000E+00   0.0000000E+00        NaN        NaN        NaN   0.0000000E+00             NaN   0.1000000E-16 0.100E-09-0.999E+03-0.999E+03 -999.00000
     -3.325426         NaN 0.000E+00       NaN 0.442E-11 0.100E-11 0.131E-05   0.0000000E+00   0.0000000E+00   0.0000000E+00   0.0000000E+00        NaN        NaN        NaN   0.0000000E+00             NaN   0.1000000E-16 0.100E-09-0.999E+03-0.999E+03 -999.00000
     -3.412940         NaN 0.000E+00       NaN 0.442E-11 0.100E-11 0.131E-05   0.0000000E+00   0.0000000E+00   0.0000000E+00   0.0000000E+00        NaN        NaN        NaN   0.0000000E+00             NaN   0.1000000E-16 0.100E-09-0.999E+03-0.999E+03 -999.00000
     -3.500454         NaN 0.000E+00       NaN 0.442E-11 0.100E-11 0.131E-05   0.0000000E+00   0.0000000E+00   0.0000000E+00   0.0000000E+00        NaN        NaN        NaN   0.0000000E+00             NaN   0.1000000E-16 0.100E-09-0.999E+03-0.999E+03 -999.00000
     -3.587968         NaN 0.000E+00       NaN 0.442E-11 0.100E-11 0.131E-05   0.0000000E+00   0.0000000E+00   0.0000000E+00   0.0000000E+00        NaN        NaN        NaN   0.0000000E+00             NaN   0.1000000E-16 0.100E-09-0.999E+03-0.999E+03 -999.00000
     -3.675483         NaN 0.000E+00       NaN 0.442E-11 0.100E-11 0.131E-05   0.0000000E+00   0.0000000E+00   0.0000000E+00   0.0000000E+00        NaN        NaN        NaN   0.0000000E+00             NaN   0.1000000E-16 0.100E-09-0.999E+03-0.999E+03 -999.00000
     -3.762997         NaN 0.000E+00       NaN 0.442E-11 0.100E-11 0.131E-05   0.0000000E+00   0.0000000E+00   0.0000000E+00   0.0000000E+00        NaN        NaN        NaN   0.0000000E+00             NaN   0.1000000E-16 0.100E-09-0.999E+03-0.999E+03 -999.00000
     -3.850511         NaN 0.000E+00       NaN 0.442E-11 0.100E-11 0.131E-05   0.0000000E+00   0.0000000E+00   0.0000000E+00   0.0000000E+00        NaN        NaN        NaN   0.0000000E+00             NaN   0.1000000E-16 0.100E-09-0.999E+03-0.999E+03 -999.00000
     -3.938025         NaN 0.000E+00       NaN 0.442E-11 0.100E-11 0.131E-05   0.0000000E+00   0.0000000E+00   0.0000000E+00   0.0000000E+00        NaN        NaN        NaN   0.0000000E+00             NaN   0.1000000E-16 0.100E-09-0.999E+03-0.999E+03 -999.00000
     -4.025539         NaN 0.000E+00       NaN 0.442E-11 0.100E-11 0.131E-05   0.0000000E+00   0.0000000E+00   0.0000000E+00   0.0000000E+00        NaN        NaN        NaN   0.0000000E+00             NaN   0.1000000E-16 0.100E-09-0.999E+03-0.999E+03 -999.00000
     -4.113053         NaN 0.000E+00       NaN 0.442E-11 0.100E-11 0.131E-05   0.0000000E+00   0.0000000E+00   0.0000000E+00   0.0000000E+00        NaN        NaN        NaN   0.0000000E+00             NaN   0.1000000E-16 0.100E-09-0.999E+03-0.999E+03 -999.00000
     -4.200567         NaN 0.000E+00       NaN 0.442E-11 0.100E-11 0.131E-05   0.0000000E+00   0.0000000E+00   0.0000000E+00   0.0000000E+00        NaN        NaN        NaN   0.0000000E+00             NaN   0.1000000E-16 0.100E-09-0.999E+03-0.999E+03 -999.00000
     -4.288081         NaN 0.000E+00       NaN 0.442E-11 0.100E-11 0.131E-05   0.0000000E+00   0.0000000E+00   0.0000000E+00   0.0000000E+00        NaN        NaN        NaN   0.0000000E+00             NaN   0.1000000E-16 0.100E-09-0.999E+03-0.999E+03 -999.00000
     -4.375595         NaN 0.000E+00       NaN 0.442E-11 0.100E-11 0.131E-05   0.0000000E+00   0.0000000E+00   0.0000000E+00   0.0000000E+00        NaN        NaN        NaN   0.0000000E+00             NaN   0.1000000E-16 0.100E-09-0.999E+03-0.999E+03 -999.00000
     -4.463109         NaN 0.000E+00       NaN 0.442E-11 0.100E-11 0.131E-05   0.0000000E+00   0.0000000E+00   0.0000000E+00   0.0000000E+00        NaN        NaN        NaN   0.0000000E+00             NaN   0.1000000E-16 0.100E-09-0.999E+03-0.999E+03 -999.00000
     -4.550622         NaN 0.000E+00       NaN 0.442E-11 0.100E-11 0.131E-05   0.0000000E+00   0.0000000E+00   0.0000000E+00   0.0000000E+00        NaN        NaN        NaN   0.0000000E+00             NaN   0.1000000E-16 0.100E-09-0.999E+03-0.999E+03 -999.00000
     -4.638136         NaN 0.000E+00       NaN 0.442E-11 0.100E-11 0.131E-05   0.0000000E+00   0.0000000E+00   0.0000000E+00   0.0000000E+00        NaN        NaN        NaN   0.0000000E+00             NaN   0.1000000E-16 0.100E-09-0.999E+03-0.999E+03 -999.00000
     -4.725649         NaN 0.000E+00       NaN 0.442E-11 0.100E-11 0.131E-05   0.0000000E+00   0.0000000E+00   0.0000000E+00   0.0000000E+00        NaN        NaN        NaN   0.0000000E+00             NaN   0.1000000E-16 0.100E-09-0.999E+03-0.999E+03 -999.00000
     -4.813162         NaN 0.000E+00       NaN 0.442E-11 0.100E-11 0.131E-05   0.0000000E+00   0.0000000E+00   0.0000000E+00   0.0000000E+00        NaN        NaN        NaN   0.0000000E+00             NaN   0.1000000E-16 0.100E-09-0.999E+03-0.999E+03 -999.00000
     -4.900675         NaN 0.000E+00       NaN 0.442E-11 0.100E-11 0.131E-05   0.0000000E+00   0.0000000E+00   0.0000000E+00   0.0000000E+00        NaN        NaN        NaN   0.0000000E+00             NaN   0.1000000E-16 0.100E-09-0.999E+03-0.999E+03 -999.00000
     -4.988188         NaN 0.000E+00       NaN 0.442E-11 0.100E-11 0.131E-05   0.0000000E+00   0.0000000E+00   0.0000000E+00   0.0000000E+00        NaN        NaN        NaN   0.0000000E+00             NaN   0.1000000E-16 0.100E-09-0.999E+03-0.999E+03 -999.00000
     -5.075700         NaN 0.000E+00       NaN 0.442E-11 0.100E-11 0.131E-05   0.0000000E+00   0.0000000E+00   0.0000000E+00   0.0000000E+00        NaN        NaN        NaN   0.0000000E+00             NaN   0.1000000E-16 0.100E-09-0.999E+03-0.999E+03 -999.00000
     -5.163213         NaN 0.000E+00       NaN 0.442E-11 0.100E-11 0.131E-05   0.0000000E+00   0.0000000E+00   0.0000000E+00   0.0000000E+00        NaN        NaN        NaN   0.0000000E+00             NaN   0.1000000E-16 0.100E-09-0.999E+03-0.999E+03 -999.00000
     -5.250725         NaN 0.000E+00       NaN 0.442E-11 0.100E-11 0.131E-05   0.0000000E+00   0.0000000E+00   0.0000000E+00   0.0000000E+00        NaN        NaN        NaN   0.0000000E+00             NaN   0.1000000E-16 0.100E-09-0.999E+03-0.999E+03 -999.00000
     -5.338237         NaN 0.000E+00       NaN 0.442E-11 0.100E-11 0.131E-05   0.0000000E+00   0.0000000E+00   0.0000000E+00   0.0000000E+00        NaN        NaN        NaN   0.0000000E+00             NaN   0.1000000E-16 0.100E-09-0.999E+03-0.999E+03 -999.00000
     -5.425749         NaN 0.000E+00       NaN 0.442E-11 0.100E-11 0.131E-05   0.0000000E+00   0.0000000E+00   0.0000000E+00   0.0000000E+00        NaN        NaN        NaN   0.0000000E+00             NaN   0.1000000E-16 0.100E-09-0.999E+03-0.999E+03 -999.00000
     -5.513260         NaN 0.000E+00       NaN 0.442E-11 0.100E-11 0.131E-05   0.0000000E+00   0.0000000E+00   0.0000000E+00   0.0000000E+00        NaN        NaN        NaN   0.0000000E+00             NaN   0.1000000E-16 0.100E-09-0.999E+03-0.999E+03 -999.00000
     -5.600772         NaN 0.000E+00       NaN 0.442E-11 0.100E-11 0.131E-05   0.0000000E+00   0.0000000E+00   0.0000000E+00   0.0000000E+00        NaN        NaN        NaN   0.0000000E+00             NaN   0.1000000E-16 0.100E-09-0.999E+03-0.999E+03 -999.00000
     -5.688283         NaN 0.000E+00       NaN 0.442E-11 0.100E-11 0.131E-05   0.0000000E+00   0.0000000E+00   0.0000000E+00   0.0000000E+00        NaN        NaN        NaN   0.0000000E+00             NaN   0.1000000E-16 0.100E-09-0.999E+03-0.999E+03 -999.00000
     -5.775793         NaN 0.000E+00       NaN 0.442E-11 0.100E-11 0.131E-05   0.0000000E+00   0.0000000E+00   0.0000000E+00   0.0000000E+00        NaN        NaN        NaN   0.0000000E+00             NaN   0.1000000E-16 0.100E-09-0.999E+03-0.999E+03 -999.00000
     -5.863304         NaN 0.000E+00       NaN 0.442E-11 0.100E-11 0.131E-05   0.0000000E+00   0.0000000E+00   0.0000000E+00   0.0000000E+00        NaN        NaN        NaN   0.0000000E+00             NaN   0.1000000E-16 0.100E-09-0.999E+03-0.999E+03 -999.00000
     -5.950814         NaN 0.000E+00       NaN 0.442E-11 0.100E-11 0.131E-05   0.0000000E+00   0.0000000E+00   0.0000000E+00   0.0000000E+00        NaN        NaN        NaN   0.0000000E+00             NaN   0.1000000E-16 0.100E-09-0.999E+03-0.999E+03 -999.00000
     -6.038324         NaN 0.000E+00       NaN 0.442E-11 0.100E-11 0.131E-05   0.0000000E+00   0.0000000E+00   0.0000000E+00   0.0000000E+00        NaN        NaN        NaN   0.0000000E+00             NaN   0.1000000E-16 0.100E-09-0.999E+03-0.999E+03 -999.00000
     -6.125833         NaN 0.000E+00       NaN 0.442E-11 0.100E-11 0.131E-05   0.0000000E+00   0.0000000E+00   0.0000000E+00   0.0000000E+00        NaN        NaN        NaN   0.0000000E+00             NaN   0.1000000E-16 0.100E-09-0.999E+03-0.999E+03 -999.00000
     -6.213342         NaN 0.000E+00       NaN 0.442E-11 0.100E-11 0.131E-05   0.0000000E+00   0.0000000E+00   0.0000000E+00   0.0000000E+00        NaN        NaN        NaN   0.0000000E+00             NaN   0.1000000E-16 0.100E-09-0.999E+03-0.999E+03 -999.00000
     -6.300851         NaN 0.000E+00       NaN 0.442E-11 0.100E-11 0.131E-05   0.0000000E+00   0.0000000E+00   0.0000000E+00   0.0000000E+00        NaN        NaN        NaN   0.0000000E+00             NaN   0.1000000E-16 0.100E-09-0.999E+03-0.999E+03 -999.00000
     -6.388360         NaN 0.000E+00       NaN 0.442E-11 0.100E-11 0.131E-05   0.0000000E+00   0.0000000E+00   0.0000000E+00   0.0000000E+00        NaN        NaN        NaN   0.0000000E+00             NaN   0.1000000E-16 0.100E-09-0.999E+03-0.999E+03 -999.00000
     -6.475868         NaN 0.000E+00       NaN 0.442E-11 0.100E-11 0.131E-05   0.0000000E+00   0.0000000E+00   0.0000000E+00   0.0000000E+00        NaN        NaN        NaN   0.0000000E+00             NaN   0.1000000E-16 0.100E-09-0.999E+03-0.999E+03 -999.00000
     -6.563376         NaN 0.000E+00       NaN 0.442E-11 0.100E-11 0.131E-05   0.0000000E+00   0.0000000E+00   0.0000000E+00   0.0000000E+00        NaN        NaN        NaN   0.0000000E+00             NaN   0.1000000E-16 0.100E-09-0.999E+03-0.999E+03 -999.00000
     -6.650883         NaN 0.000E+00       NaN 0.442E-11 0.100E-11 0.131E-05   0.0000000E+00   0.0000000E+00   0.0000000E+00   0.0000000E+00        NaN        NaN        NaN   0.0000000E+00             NaN   0.1000000E-16 0.100E-09-0.999E+03-0.999E+03 -999.00000
     -6.738390         NaN 0.000E+00       NaN 0.442E-11 0.100E-11 0.131E-05   0.0000000E+00   0.0000000E+00   0.0000000E+00   0.0000000E+00        NaN        NaN        NaN   0.0000000E+00             NaN   0.1000000E-16 0.100E-09-0.999E+03-0.999E+03 -999.00000
     -6.825897         NaN 0.000E+00       NaN 0.442E-11 0.100E-11 0.131E-05   0.0000000E+00   0.0000000E+00   0.0000000E+00   0.0000000E+00        NaN        NaN        NaN   0.0000000E+00             NaN   0.1000000E-16 0.100E-09-0.999E+03-0.999E+03 -999.00000
     -6.913403         NaN 0.000E+00       NaN 0.442E-11 0.100E-11 0.131E-05   0.0000000E+00   0.0000000E+00   0.0000000E+00   0.0000000E+00        NaN        NaN        NaN   0.0000000E+00             NaN   0.1000000E-16 0.100E-09-0.999E+03-0.999E+03 -999.00000
